128
0.0000 1.4142 2.8284 4.2426 1.0000 2.0000 3.0000 3.1623 3.6056 16.4012 15.0000 13.6015 12.2066 15.8114 15.2643 14.7648 13.8924 13.0384 19.8494 19.2094 18.6011 18.0278 22.2036 21.6333 21.0950 20.5913 20.6155 21.4009 18.8680 19.7231 9.4868 8.2462 7.0711 6.0000 9.2195 9.0554 9.0000 8.0000 7.0000 12.6491 12.3693 12.1655 12.0416 15.5242 15.2971 15.1327 15.0333 13.6015 14.5602 13.0384 14.0357 7.8102 7.0711 6.4031 5.8310 2.2361 5.0000 4.1231 4.4721 16.9706 16.2788 15.6205 15.0000 6.3246 8.5440 10.4403 9.2195 8.0623 7.0000 9.4868 8.5440 7.6158 7.2801 7.0711 11.0454 14.7648 15.2315 6.3246 5.3852 4.4721 3.6056 14.1421 14.0357 14.0000 14.0357 7.2111 6.7082 6.3246 6.0828 24.5153 25.3180 25.8070 26.0768 26.4197 26.8328 26.6271 27.4591 28.3019 27.7849 27.2947 19.4165 20.3961 21.3776 22.3607 5.0990 5.0000 5.0990 5.3852 6.4031 5.6569 5.0000 4.4721 11.4018 10.7703 10.2956 10.0000 13.9284 13.3417 13.1529 9.8995 9.2195 8.6023 8.0623 8.0623 7.2111 5.6569 9.2195 8.6023
1.4142 0.0000 1.4142 2.8284 1.0000 1.4142 2.2361 2.0000 2.2361 17.8045 16.4012 15.0000 13.6015 17.2047 16.6433 16.1245 15.2643 14.4222 19.7990 19.1050 18.4391 17.8045 22.0227 21.4009 20.8087 20.2485 20.5183 21.2603 18.6011 19.4165 10.7703 9.4868 8.2462 7.0711 10.4403 10.1980 10.0499 9.0554 8.0623 12.0830 11.7047 11.4018 11.1803 14.8661 14.5602 14.3178 14.1421 13.0000 13.9284 12.1655 13.1529 9.2195 8.4853 7.8102 7.2111 1.0000 3.6056 3.0000 3.1623 18.3848 17.6918 17.0294 16.4012 7.0711 7.2801 11.7047 10.4403 9.2195 8.0623 10.7703 9.8489 8.9443 8.5440 8.2462 12.1655 14.4222 14.7648 7.6158 6.7082 5.8310 5.0000 15.2971 15.1327 15.0333 15.0000 7.0711 6.4031 5.8310 5.3852 23.7697 24.5153 25.6125 25.8070 26.0768 26.4197 26.4008 27.2029 28.0179 27.4591 26.9258 18.6815 19.6469 20.6155 21.5870 4.4721 4.1231 4.0000 4.1231 6.7082 5.8310 5.0000 4.2426 12.1655 11.4018 10.7703 10.2956 13.4164 12.6491 12.3693 11.3137 10.6301 10.0000 9.4340 9.4340 8.6023 7.0711 10.6301 10.0000
2.8284 1.4142 0.0000 1.4142 2.2361 2.0000 2.2361 1.4142 1.0000 19.2094 17.8045 16.4012 15.0000 18.6011 18.0278 17.4929 16.6433 15.8114 19.8494 19.1050 18.3848 17.6918 21.9317 21.2603 20.6155 20.0000 20.5183 21.2132 18.4391 19.2094 12.0830 10.7703 9.4868 8.2462 11.7047 11.4018 11.1803 10.1980 9.2195 11.6619 11.1803 10.7703 10.4403 14.3178 13.9284 13.6015 13.3417 12.5300 13.4164 11.4018 12.3693 10.6301 9.8995 9.2195 8.6023 1.0000 2.2361 2.2361 2.0000 19.7990 19.1050 18.4391 17.8045 8.0000 6.0828 13.0000 11.7047 10.4403 9.2195 12.0830 11.1803 10.2956 9.8489 9.4868 13.3417 14.2127 14.4222 8.9443 8.0623 7.2111 6.4031 16.4924 16.2788 16.1245 16.0312 7.2111 6.4031 5.6569 5.0000 23.0868 23.7697 25.4951 25.6125 25.8070 26.0768 26.2488 27.0185 27.8029 27.2029 26.6271 18.0278 18.9737 19.9249 20.8806 4.2426 3.6056 3.1623 3.0000 7.2801 6.3246 5.3852 4.4721 13.0384 12.1655 11.4018 10.7703 13.0384 12.0830 11.7047 12.7279 12.0416 11.4018 10.8167 10.8167 10.0000 8.4853 12.0416 11.4018
4.2426 2.8284 1.4142 0.0000 3.6056 3.1623 3.0000 2.0000 1.0000 20.6155 19.2094 17.8045 16.4012 20.0000 19.4165 18.8680 18.0278 17.2047 20.0000 19.2094 18.4391 17.6918 21.9317 21.2132 20.5183 19.8494 20.6155 21.2603 18.3848 19.1050 13.4164 12.0830 10.7703 9.4868 13.0000 12.6491 12.3693 11.4018 10.4403 11.4018 10.8167 10.2956 9.8489 13.8924 13.4164 13.0000 12.6491 12.2066 13.0384 10.7703 11.7047 12.0416 11.3137 10.6301 10.0000 2.2361 1.0000 2.2361 1.4142 21.2132 20.5183 19.8494 19.2094 9.0554 5.0000 14.3178 13.0000 11.7047 10.4403 13.4164 12.5300 11.6619 11.1803 10.7703 14.5602 14.1421 14.2127 10.2956 9.4340 8.6023 7.8102 17.7200 17.4642 17.2627 17.1172 7.6158 6.7082 5.8310 5.0000 22.4722 23.0868 25.4558 25.4951 25.6125 25.8070 26.1725 26.9072 27.6586 27.0185 26.4008 17.4642 18.3848 19.3132 20.2485 4.4721 3.6056 2.8284 2.2361 8.0623 7.0711 6.0828 5.0990 14.0000 13.0384 12.1655 11.4018 12.8062 11.6619 11.1803 14.1421 13.4536 12.8062 12.2066 12.2066 11.4018 9.8995 13.4536 12.8062
1.0000 1.0000 2.2361 3.6056 0.0000 1.0000 2.0000 2.2361 2.8284 17.0294 15.6205 14.2127 12.8062 16.4012 15.8114 15.2643 14.4222 13.6015 19.1050 18.4391 17.8045 17.2047 21.4009 20.8087 20.2485 19.7231 19.8494 20.6155 18.0278 18.8680 9.8489 8.5440 7.2801 6.0828 9.4868 9.2195 9.0554 8.0623 7.0711 11.7047 11.4018 11.1803 11.0454 14.5602 14.3178 14.1421 14.0357 12.6491 13.6015 12.0416 13.0384 8.6023 7.8102 7.0711 6.4031 1.4142 4.2426 3.1623 3.6056 17.6918 17.0294 16.4012 15.8114 7.2801 7.6158 11.4018 10.1980 9.0554 8.0000 10.4403 9.4868 8.5440 8.2462 8.0623 12.0416 13.8924 14.3178 6.7082 5.8310 5.0000 4.2426 14.3178 14.1421 14.0357 14.0000 6.4031 5.8310 5.3852 5.0990 23.5372 24.3311 25.0000 25.2389 25.5539 25.9422 25.8070 26.6271 27.4591 26.9258 26.4197 18.4391 19.4165 20.3961 21.3776 4.1231 4.0000 4.1231 4.4721 7.2111 6.4031 5.6569 5.0000 11.1803 10.4403 9.8489 9.4340 13.0000 12.3693 12.1655 10.6301 10.0000 9.4340 8.9443 8.6023 7.8102 6.4031 9.8995 9.2195
2.0000 1.4142 2.0000 3.1623 1.0000 0.0000 1.0000 1.4142 2.2361 17.6918 16.2788 14.8661 13.4536 17.0294 16.4012 15.8114 15.0000 14.2127 18.3848 17.6918 17.0294 16.4012 20.6155 20.0000 19.4165 18.8680 19.1050 19.8494 17.2047 18.0278 10.2956 8.9443 7.6158 6.3246 9.8489 9.4868 9.2195 8.2462 7.2801 10.7703 10.4403 10.1980 10.0499 13.6015 13.3417 13.1529 13.0384 11.7047 12.6491 11.0454 12.0416 9.4340 8.6023 7.8102 7.0711 1.0000 3.6056 2.2361 2.8284 18.4391 17.8045 17.2047 16.6433 8.2462 6.7082 12.3693 11.1803 10.0499 9.0000 11.4018 10.4403 9.4868 9.2195 9.0554 13.0384 13.0384 13.4164 7.2111 6.4031 5.6569 5.0000 14.5602 14.3178 14.1421 14.0357 5.6569 5.0000 4.4721 4.1231 22.5610 23.3452 24.2074 24.4131 24.6982 25.0599 25.0000 25.8070 26.6271 26.0768 25.5539 17.4642 18.4391 19.4165 20.3961 3.1623 3.0000 3.1623 3.6056 8.0623 7.2111 6.4031 5.6569 11.0454 10.1980 9.4868 8.9443 12.0830 11.4018 11.1803 11.4018 10.8167 10.2956 9.8489 9.2195 8.4853 7.2111 10.6301 9.8995
3.0000 2.2361 2.2361 3.0000 2.0000 1.0000 0.0000 1.0000 2.0000 18.3848 16.9706 15.5563 14.1421 17.6918 17.0294 16.4012 15.6205 14.8661 17.6918 16.9706 16.2788 15.6205 19.8494 19.2094 18.6011 18.0278 18.3848 19.1050 16.4012 17.2047 10.8167 9.4340 8.0623 6.7082 10.2956 9.8489 9.4868 8.5440 7.6158 9.8489 9.4868 9.2195 9.0554 12.6491 12.3693 12.1655 12.0416 10.7703 11.7047 10.0499 11.0454 10.2956 9.4340 8.6023 7.8102 1.4142 3.1623 1.4142 2.2361 19.2094 18.6011 18.0278 17.4929 9.2195 5.8310 13.3417 12.1655 11.0454 10.0000 12.3693 11.4018 10.4403 10.1980 10.0499 14.0357 12.2066 12.5300 7.8102 7.0711 6.4031 5.8310 14.8661 14.5602 14.3178 14.1421 5.0000 4.2426 3.6056 3.1623 21.5870 22.3607 23.4307 23.6008 23.8537 24.1868 24.2074 25.0000 25.8070 25.2389 24.6982 16.4924 17.4642 18.4391 19.4165 2.2361 2.0000 2.2361 2.8284 8.9443 8.0623 7.2111 6.4031 11.0000 10.0499 9.2195 8.5440 11.1803 10.4403 10.1980 12.2066 11.6619 11.1803 10.7703 9.8995 9.2195 8.0623 11.4018 10.6301
3.1623 2.0000 1.4142 2.0000 2.2361 1.4142 1.0000 0.0000 1.0000 19.1050 17.6918 16.2788 14.8661 18.4391 17.8045 17.2047 16.4012 15.6205 18.4391 17.6918 16.9706 16.2788 20.5183 19.8494 19.2094 18.6011 19.1050 19.7990 17.0294 17.8045 11.6619 10.2956 8.9443 7.6158 11.1803 10.7703 10.4403 9.4868 8.5440 10.2956 9.8489 9.4868 9.2195 13.0000 12.6491 12.3693 12.1655 11.1803 12.0830 10.1980 11.1803 10.8167 10.0000 9.2195 8.4853 1.0000 2.2361 1.0000 1.4142 19.8494 19.2094 18.6011 18.0278 9.0554 5.3852 13.6015 12.3693 11.1803 10.0499 12.6491 11.7047 10.7703 10.4403 10.1980 14.1421 12.8062 13.0384 8.6023 7.8102 7.0711 6.4031 15.8114 15.5242 15.2971 15.1327 5.8310 5.0000 4.2426 3.6056 21.8403 22.5610 24.0832 24.2074 24.4131 24.6982 24.8395 25.6125 26.4008 25.8070 25.2389 16.7631 17.7200 18.6815 19.6469 2.8284 2.2361 2.0000 2.2361 8.5440 7.6158 6.7082 5.8310 12.0000 11.0454 10.1980 9.4868 11.6619 10.7703 10.4403 12.8062 12.2066 11.6619 11.1803 10.6301 9.8995 8.6023 12.0416 11.3137
3.6056 2.2361 1.0000 1.0000 2.8284 2.2361 2.0000 1.0000 0.0000 19.8494 18.4391 17.0294 15.6205 19.2094 18.6011 18.0278 17.2047 16.4012 19.2094 18.4391 17.6918 16.9706 21.2132 20.5183 19.8494 19.2094 19.8494 20.5183 17.6918 18.4391 12.5300 11.1803 9.8489 8.5440 12.0830 11.7047 11.4018 10.4403 9.4868 10.8167 10.2956 9.8489 9.4868 13.4164 13.0000 12.6491 12.3693 11.6619 12.5300 10.4403 11.4018 11.4018 10.6301 9.8995 9.2195 1.4142 1.4142 1.4142 1.0000 20.5183 19.8494 19.2094 18.6011 9.0000 5.0990 13.9284 12.6491 11.4018 10.1980 13.0000 12.0830 11.1803 10.7703 10.4403 14.3178 13.4536 13.6015 9.4340 8.6023 7.8102 7.0711 16.7631 16.4924 16.2788 16.1245 6.7082 5.8310 5.0000 4.2426 22.1359 22.8035 24.7588 24.8395 25.0000 25.2389 25.4951 26.2488 27.0185 26.4008 25.8070 17.0880 18.0278 18.9737 19.9249 3.6056 2.8284 2.2361 2.0000 8.2462 7.2801 6.3246 5.3852 13.0000 12.0416 11.1803 10.4403 12.2066 11.1803 10.7703 13.4536 12.8062 12.2066 11.6619 11.4018 10.6301 9.2195 12.7279 12.0416
16.4012 17.8045 19.2094 20.6155 17.0294 17.6918 18.3848 19.1050 19.8494 0.0000 1.4142 2.8284 4.2426 1.0000 2.0000 3.0000 3.1623 3.6056 25.0000 25.0200 25.0799 25.1794 28.0000 28.0179 28.0713 28.1603 26.0000 27.0000 26.1725 27.1662 8.0623 9.4340 10.8167 12.2066 8.9443 9.8489 10.7703 11.1803 11.6619 23.7697 24.1661 24.5967 25.0599 26.5707 26.9258 27.3130 27.7308 24.6982 25.6320 25.9422 26.8328 8.9443 9.4340 10.0000 10.6301 18.4391 21.2603 19.7990 20.5183 2.2361 2.8284 3.6056 4.4721 15.5242 24.0832 10.0000 11.0454 12.1655 13.3417 10.0499 10.1980 10.4403 11.4018 12.3693 12.0416 23.7697 25.0000 10.6301 11.3137 12.0416 12.8062 8.0623 9.0554 10.0499 11.0454 18.3576 18.8680 19.4165 20.0000 34.9285 36.1386 31.0644 32.0156 33.0000 34.0147 32.0624 33.0606 34.0588 34.0147 34.0000 30.3645 31.3209 32.2800 33.2415 19.2094 19.8494 20.5183 21.2132 17.7200 18.0278 18.3848 18.7883 13.1529 14.3178 15.5242 16.7631 24.3516 25.0799 25.4951 6.7082 7.6158 8.5440 9.4868 8.4853 9.2195 10.8167 7.2111 7.8102
15.0000 16.4012 17.8045 19.2094 15.6205 16.2788 16.9706 17.6918 18.4391 1.4142 0.0000 1.4142 2.8284 1.0000 1.4142 2.2361 2.0000 2.2361 24.0208 24.0000 24.0208 24.0832 27.0185 27.0000 27.0185 27.0740 25.0200 26.0192 25.0799 26.0768 6.7082 8.0623 9.4340 10.8167 7.6158 8.5440 9.4868 9.8489 10.2956 22.4722 22.8473 23.2594 23.7065 25.2982 25.6320 26.0000 26.4008 23.4094 24.3516 24.5967 25.4951 7.6158 8.0623 8.6023 9.2195 17.0294 19.8494 18.3848 19.1050 3.0000 3.1623 3.6056 4.2426 14.3178 22.6716 9.0554 10.0000 11.0454 12.1655 9.0000 9.0554 9.2195 10.1980 11.1803 11.1803 22.5610 23.7697 9.2195 9.8995 10.6301 11.4018 7.2801 8.2462 9.2195 10.1980 17.0000 17.4929 18.0278 18.6011 33.7343 34.9285 30.1496 31.0644 32.0156 33.0000 31.1448 32.1403 33.1361 33.0606 33.0151 29.1204 30.0832 31.0483 32.0156 17.8045 18.4391 19.1050 19.7990 16.4924 16.7631 17.0880 17.4642 12.0416 13.1529 14.3178 15.5242 23.0868 23.7697 24.1661 5.3852 6.3246 7.2801 8.2462 7.0711 7.8102 9.4340 5.8310 6.4031
13.6015 15.0000 16.4012 17.8045 14.2127 14.8661 15.5563 16.2788 17.0294 2.8284 1.4142 0.0000 1.4142 2.2361 2.0000 2.2361 1.4142 1.0000 23.0868 23.0217 23.0000 23.0217 26.0768 26.0192 26.0000 26.0192 24.0832 25.0799 24.0208 25.0200 5.3852 6.7082 8.0623 9.4340 6.3246 7.2801 8.2462 8.5440 8.9443 21.1896 21.5407 21.9317 22.3607 24.0416 24.3516 24.6982 25.0799 22.1359 23.0868 23.2594 24.1661 6.3246 6.7082 7.2111 7.8102 15.6205 18.4391 16.9706 17.6918 4.1231 4.0000 4.1231 4.4721 13.1529 21.2603 8.2462 9.0554 10.0000 11.0454 8.0623 8.0000 8.0623 9.0554 10.0499 10.4403 21.3776 22.5610 7.8102 8.4853 9.2195 10.0000 6.7082 7.6158 8.5440 9.4868 15.6525 16.1245 16.6433 17.2047 32.5576 33.7343 29.2746 30.1496 31.0644 32.0156 30.2655 31.2570 32.2490 32.1403 32.0624 27.8927 28.8617 29.8329 30.8058 16.4012 17.0294 17.6918 18.3848 15.2971 15.5242 15.8114 16.1555 11.0000 12.0416 13.1529 14.3178 21.8403 22.4722 22.8473 4.1231 5.0990 6.0828 7.0711 5.6569 6.4031 8.0623 4.4721 5.0000
12.2066 13.6015 15.0000 16.4012 12.8062 13.4536 14.1421 14.8661 15.6205 4.2426 2.8284 1.4142 0.0000 3.6056 3.1623 3.0000 2.0000 1.0000 22.2036 22.0907 22.0227 22.0000 25.1794 25.0799 25.0200 25.0000 23.1948 24.1868 23.0000 24.0000 4.1231 5.3852 6.7082 8.0623 5.0990 6.0828 7.0711 7.2801 7.6158 19.9249 20.2485 20.6155 21.0238 22.8035 23.0868 23.4094 23.7697 20.8806 21.8403 21.9317 22.8473 5.0990 5.3852 5.8310 6.4031 14.2127 17.0294 15.5563 16.2788 5.3852 5.0990 5.0000 5.0990 12.0416 19.8494 7.6158 8.2462 9.0554 10.0000 7.2801 7.0711 7.0000 8.0000 9.0000 9.8489 20.2237 21.3776 6.4031 7.0711 7.8102 8.6023 6.4031 7.2111 8.0623 8.9443 14.3178 14.7648 15.2643 15.8114 31.4006 32.5576 28.4429 29.2746 30.1496 31.0644 29.4279 30.4138 31.4006 31.2570 31.1448 26.6833 27.6586 28.6356 29.6142 15.0000 15.6205 16.2788 16.9706 14.1421 14.3178 14.5602 14.8661 10.0499 11.0000 12.0416 13.1529 20.6155 21.1896 21.5407 3.0000 4.0000 5.0000 6.0000 4.2426 5.0000 6.7082 3.1623 3.6056
15.8114 17.2047 18.6011 20.0000 16.4012 17.0294 17.6918 18.4391 19.2094 1.0000 1.0000 2.2361 3.6056 0.0000 1.0000 2.0000 2.2361 2.8284 24.0000 24.0208 24.0832 24.1868 27.0000 27.0185 27.0740 27.1662 25.0000 26.0000 25.1794 26.1725 7.2111 8.6023 10.0000 11.4018 8.0623 8.9443 9.8489 10.2956 10.8167 22.8473 23.2594 23.7065 24.1868 25.6320 26.0000 26.4008 26.8328 23.7697 24.6982 25.0599 25.9422 8.5440 8.9443 9.4340 10.0000 17.8045 20.6155 19.1050 19.8494 3.1623 3.6056 4.2426 5.0000 15.2971 23.3452 10.0499 11.0000 12.0416 13.1529 10.0000 10.0499 10.1980 11.1803 12.1655 12.1655 22.8035 24.0416 9.8995 10.6301 11.4018 12.2066 7.0711 8.0623 9.0554 10.0499 17.4929 18.0278 18.6011 19.2094 33.9559 35.1710 30.0666 31.0161 32.0000 33.0151 31.0644 32.0624 33.0606 33.0151 33.0000 29.4109 30.3645 31.3209 32.2800 18.4391 19.1050 19.7990 20.5183 17.4642 17.7200 18.0278 18.3848 12.1655 13.3417 14.5602 15.8114 23.4094 24.1661 24.5967 6.3246 7.2801 8.2462 9.2195 7.8102 8.6023 10.2956 6.7082 7.2111
15.2643 16.6433 18.0278 19.4165 15.8114 16.4012 17.0294 17.8045 18.6011 2.0000 1.4142 2.0000 3.1623 1.0000 0.0000 1.0000 1.4142 2.2361 23.0000 23.0217 23.0868 23.1948 26.0000 26.0192 26.0768 26.1725 24.0000 25.0000 24.1868 25.1794 6.4031 7.8102 9.2195 10.6301 7.2111 8.0623 8.9443 9.4340 10.0000 21.9317 22.3607 22.8254 23.3238 24.6982 25.0799 25.4951 25.9422 22.8473 23.7697 24.1868 25.0599 8.2462 8.5440 8.9443 9.4340 17.2047 20.0000 18.4391 19.2094 4.1231 4.4721 5.0000 5.6569 15.1327 22.6274 10.1980 11.0454 12.0000 13.0384 10.0499 10.0000 10.0499 11.0454 12.0416 12.3693 21.8403 23.0868 9.2195 10.0000 10.8167 11.6619 6.0828 7.0711 8.0623 9.0554 16.6433 17.2047 17.8045 18.4391 32.9848 34.2053 29.0689 30.0167 31.0000 32.0156 30.0666 31.0644 32.0624 32.0156 32.0000 28.4605 29.4109 30.3645 31.3209 17.6918 18.3848 19.1050 19.8494 17.2627 17.4642 17.7200 18.0278 11.1803 12.3693 13.6015 14.8661 22.4722 23.2594 23.7065 6.0828 7.0711 8.0623 9.0554 7.2111 8.0623 9.8489 6.3246 6.7082
14.7648 16.1245 17.4929 18.8680 15.2643 15.8114 16.4012 17.2047 18.0278 3.0000 2.2361 2.2361 3.0000 2.0000 1.0000 0.0000 1.0000 2.0000 22.0000 22.0227 22.0907 22.2036 25.0000 25.0200 25.0799 25.1794 23.0000 24.0000 23.1948 24.1868 5.6569 7.0711 8.4853 9.8995 6.4031 7.2111 8.0623 8.6023 9.2195 21.0238 21.4709 21.9545 22.4722 23.7697 24.1661 24.5967 25.0599 21.9317 22.8473 23.3238 24.1868 8.0623 8.2462 8.5440 8.9443 16.6433 19.4165 17.8045 18.6011 5.0990 5.3852 5.8310 6.4031 15.0333 21.9317 10.4403 11.1803 12.0416 13.0000 10.1980 10.0499 10.0000 11.0000 12.0000 12.6491 20.8806 22.1359 8.6023 9.4340 10.2956 11.1803 5.0990 6.0828 7.0711 8.0623 15.8114 16.4012 17.0294 17.6918 32.0156 33.2415 28.0713 29.0172 30.0000 31.0161 29.0689 30.0666 31.0644 31.0161 31.0000 27.5136 28.4605 29.4109 30.3645 16.9706 17.6918 18.4391 19.2094 17.1172 17.2627 17.4642 17.7200 10.1980 11.4018 12.6491 13.9284 21.5407 22.3607 22.8254 6.0000 7.0000 8.0000 9.0000 6.7082 7.6158 9.4868 6.0828 6.3246
13.8924 15.2643 16.6433 18.0278 14.4222 15.0000 15.6205 16.4012 17.2047 3.1623 2.0000 1.4142 2.0000 2.2361 1.4142 1.0000 0.0000 1.0000 22.0227 22.0000 22.0227 22.0907 25.0200 25.0000 25.0200 25.0799 23.0217 24.0208 23.0868 24.0832 5.0000 6.4031 7.8102 9.2195 5.8310 6.7082 7.6158 8.0623 8.6023 20.6155 21.0238 21.4709 21.9545 23.4094 23.7697 24.1661 24.5967 21.5407 22.4722 22.8254 23.7065 7.0711 7.2801 7.6158 8.0623 15.8114 18.6011 17.0294 17.8045 5.0000 5.0990 5.3852 5.8310 14.0357 21.2132 9.4868 10.1980 11.0454 12.0000 9.2195 9.0554 9.0000 10.0000 11.0000 11.7047 20.6155 21.8403 7.8102 8.6023 9.4340 10.2956 5.3852 6.3246 7.2801 8.2462 15.2643 15.8114 16.4012 17.0294 31.7805 32.9848 28.1603 29.0689 30.0167 31.0000 29.1548 30.1496 31.1448 31.0644 31.0161 27.2029 28.1603 29.1204 30.0832 16.2788 16.9706 17.6918 18.4391 16.1245 16.2788 16.4924 16.7631 10.0499 11.1803 12.3693 13.6015 21.1896 21.9317 22.3607 5.0000 6.0000 7.0000 8.0000 5.8310 6.7082 8.5440 5.0990 5.3852
13.0384 14.4222 15.8114 17.2047 13.6015 14.2127 14.8661 15.6205 16.4012 3.6056 2.2361 1.0000 1.0000 2.8284 2.2361 2.0000 1.0000 0.0000 22.0907 22.0227 22.0000 22.0227 25.0799 25.0200 25.0000 25.0200 23.0868 24.0832 23.0217 24.0208 4.4721 5.8310 7.2111 8.6023 5.3852 6.3246 7.2801 7.6158 8.0623 20.2485 20.6155 21.0238 21.4709 23.0868 23.4094 23.7697 24.1661 21.1896 22.1359 22.3607 23.2594 6.0828 6.3246 6.7082 7.2111 15.0000 17.8045 16.2788 17.0294 5.0990 5.0000 5.0990 5.3852 13.0384 20.5183 8.5440 9.2195 10.0499 11.0000 8.2462 8.0623 8.0000 9.0000 10.0000 10.7703 20.3961 21.5870 7.0711 7.8102 8.6023 9.4340 5.8310 6.7082 7.6158 8.5440 14.7648 15.2643 15.8114 16.4012 31.5753 32.7567 28.2843 29.1548 30.0666 31.0161 29.2746 30.2655 31.2570 31.1448 31.0644 26.9258 27.8927 28.8617 29.8329 15.6205 16.2788 16.9706 17.6918 15.1327 15.2971 15.5242 15.8114 10.0000 11.0454 12.1655 13.3417 20.8806 21.5407 21.9317 4.0000 5.0000 6.0000 7.0000 5.0000 5.8310 7.6158 4.1231 4.4721
19.8494 19.7990 19.8494 20.0000 19.1050 18.3848 17.6918 18.4391 19.2094 25.0000 24.0208 23.0868 22.2036 24.0000 23.0000 22.0000 22.0227 22.0907 0.0000 1.0000 2.0000 3.0000 3.0000 3.1623 3.6056 4.2426 1.0000 2.0000 3.1623 3.6056 18.4391 17.7200 17.0880 16.5529 17.4642 16.4924 15.5242 15.8114 16.1555 9.4868 10.4403 11.4018 12.3693 9.0000 10.0000 11.0000 12.0000 9.2195 9.0554 12.1655 12.0416 22.4722 21.5407 20.6155 19.6977 19.1050 19.4165 17.8045 18.6011 27.0185 27.0740 27.1662 27.2947 25.8070 17.4642 26.9258 26.4008 25.9422 25.5539 26.0000 25.0799 24.1661 24.5967 25.0599 28.6356 6.3246 7.0711 18.3848 18.7883 19.2354 19.7231 17.0294 16.0312 15.0333 14.0357 12.7279 13.4536 14.2127 15.0000 12.0416 13.4536 6.3246 7.0711 8.0000 9.0554 7.2801 8.2462 9.2195 9.0554 9.0000 9.8489 10.2956 10.8167 11.4018 15.6205 16.4012 17.2047 18.0278 26.2488 25.4951 24.7588 24.0416 12.1655 11.4018 10.7703 10.2956 8.2462 10.1980 11.1803 22.8035 23.0868 23.4094 23.7697 19.9249 20.2485 21.0238 21.8403 20.8806
19.2094 19.1050 19.1050 19.2094 18.4391 17.6918 16.9706 17.6918 18.4391 25.0200 24.0000 23.0217 22.0907 24.0208 23.0217 22.0227 22.0000 22.0227 1.0000 0.0000 1.0000 2.0000 3.1623 3.0000 3.1623 3.6056 1.4142 2.2361 2.2361 2.8284 18.2483 17.4642 16.7631 16.1555 17.2627 16.2788 15.2971 15.5242 15.8114 8.5440 9.4868 10.4403 11.4018 8.0000 9.0000 10.0000 11.0000 8.2462 8.0623 11.1803 11.0454 22.1359 21.1896 20.2485 19.3132 18.3848 18.6011 17.0294 17.8045 27.0000 27.0185 27.0740 27.1662 25.2389 16.5529 26.5707 26.0000 25.4951 25.0599 25.6320 24.6982 23.7697 24.1661 24.5967 28.2312 5.3852 6.0828 18.0278 18.3848 18.7883 19.2354 17.1172 16.1245 15.1327 14.1421 12.0416 12.7279 13.4536 14.2127 11.4018 12.8062 6.7082 7.2801 8.0623 9.0000 7.6158 8.5440 9.4868 9.2195 9.0554 8.9443 9.4340 10.0000 10.6301 14.8661 15.6205 16.4012 17.2047 25.6125 24.8395 24.0832 23.3452 12.0416 11.1803 10.4403 9.8489 7.2801 9.2195 10.1980 22.5610 22.8035 23.0868 23.4094 19.6469 19.9249 20.6155 21.5870 20.6155
18.6011 18.4391 18.3848 18.4391 17.8045 17.0294 16.2788 16.9706 17.6918 25.0799 24.0208 23.0000 22.0227 24.0832 23.0868 22.0907 22.0227 22.0000 2.0000 1.0000 0.0000 1.0000 3.6056 3.1623 3.0000 3.1623 2.2361 2.8284 1.4142 2.2361 18.1108 17.2627 16.4924 15.8114 17.1172 16.1245 15.1327 15.2971 15.5242 7.6158 8.5440 9.4868 10.4403 7.0000 8.0000 9.0000 10.0000 7.2801 7.0711 10.1980 10.0499 21.8403 20.8806 19.9249 18.9737 17.6918 17.8045 16.2788 17.0294 27.0185 27.0000 27.0185 27.0740 24.6982 15.6525 26.2488 25.6320 25.0799 24.5967 25.2982 24.3516 23.4094 23.7697 24.1661 27.8568 4.4721 5.0990 17.7200 18.0278 18.3848 18.7883 17.2627 16.2788 15.2971 14.3178 11.4018 12.0416 12.7279 13.4536 10.8167 12.2066 7.2111 7.6158 8.2462 9.0554 8.0623 8.9443 9.8489 9.4868 9.2195 8.0623 8.6023 9.2195 9.8995 14.1421 14.8661 15.6205 16.4012 25.0000 24.2074 23.4307 22.6716 12.0000 11.0454 10.1980 9.4868 6.3246 8.2462 9.2195 22.3607 22.5610 22.8035 23.0868 19.4165 19.6469 20.2485 21.3776 20.3961
18.0278 17.8045 17.6918 17.6918 17.2047 16.4012 15.6205 16.2788 16.9706 25.1794 24.0832 23.0217 22.0000 24.1868 23.1948 22.2036 22.0907 22.0227 3.0000 2.0000 1.0000 0.0000 4.2426 3.6056 3.1623 3.0000 3.1623 3.6056 1.0000 2.0000 18.0278 17.1172 16.2788 15.5242 17.0294 16.0312 15.0333 15.1327 15.2971 6.7082 7.6158 8.5440 9.4868 6.0000 7.0000 8.0000 9.0000 6.3246 6.0828 9.2195 9.0554 21.5870 20.6155 19.6469 18.6815 17.0294 17.0294 15.5563 16.2788 27.0740 27.0185 27.0000 27.0185 24.1868 14.7648 25.9615 25.2982 24.6982 24.1661 25.0000 24.0416 23.0868 23.4094 23.7697 27.5136 3.6056 4.1231 17.4642 17.7200 18.0278 18.3848 17.4642 16.4924 15.5242 14.5602 10.8167 11.4018 12.0416 12.7279 10.2956 11.6619 7.8102 8.0623 8.5440 9.2195 8.6023 9.4340 10.2956 9.8489 9.4868 7.2111 7.8102 8.4853 9.2195 13.4536 14.1421 14.8661 15.6205 24.4131 23.6008 22.8035 22.0227 12.0416 11.0000 10.0499 9.2195 5.3852 7.2801 8.2462 22.2036 22.3607 22.5610 22.8035 19.2354 19.4165 19.9249 21.2132 20.2237
22.2036 22.0227 21.9317 21.9317 21.4009 20.6155 19.8494 20.5183 21.2132 28.0000 27.0185 26.0768 25.1794 27.0000 26.0000 25.0000 25.0200 25.0799 3.0000 3.1623 3.6056 4.2426 0.0000 1.0000 2.0000 3.0000 2.0000 1.0000 3.6056 3.1623 21.3776 20.6155 19.9249 19.3132 20.3961 19.4165 18.4391 18.6815 18.9737 10.8167 11.6619 12.5300 13.4164 9.4868 10.4403 11.4018 12.3693 10.2956 9.8489 13.0000 12.6491 25.2982 24.3516 23.4094 22.4722 21.2603 21.2603 19.7990 20.5183 30.0167 30.0666 30.1496 30.2655 28.3019 18.8680 29.7321 29.1548 28.6356 28.1780 28.7924 27.8568 26.9258 27.3130 27.7308 31.3847 7.8102 8.0623 21.1896 21.5407 21.9317 22.3607 20.0250 19.0263 18.0278 17.0294 15.0000 15.6205 16.2788 16.9706 10.0000 11.4018 3.6056 4.1231 5.0000 6.0828 4.4721 5.3852 6.3246 6.0828 6.0000 9.0554 9.2195 9.4868 9.8489 17.6918 18.3848 19.1050 19.8494 28.6007 27.8029 27.0185 26.2488 15.1327 14.3178 13.6015 13.0000 9.4340 11.1803 12.0830 25.7099 25.9615 26.2488 26.5707 22.8035 23.0868 23.7697 24.7386 23.7697
21.6333 21.4009 21.2603 21.2132 20.8087 20.0000 19.2094 19.8494 20.5183 28.0179 27.0000 26.0192 25.0799 27.0185 26.0192 25.0200 25.0000 25.0200 3.1623 3.0000 3.1623 3.6056 1.0000 0.0000 1.0000 2.0000 2.2361 1.4142 2.8284 2.2361 21.2132 20.3961 19.6469 18.9737 20.2237 19.2354 18.2483 18.4391 18.6815 10.0000 10.8167 11.6619 12.5300 8.5440 9.4868 10.4403 11.4018 9.4340 8.9443 12.0830 11.7047 25.0000 24.0416 23.0868 22.1359 20.6155 20.5183 19.1050 19.7990 30.0000 30.0167 30.0666 30.1496 27.7849 18.0278 29.4109 28.7924 28.2312 27.7308 28.4605 27.5136 26.5707 26.9258 27.3130 31.0161 7.0711 7.2111 20.8806 21.1896 21.5407 21.9317 20.0998 19.1050 18.1108 17.1172 14.4222 15.0000 15.6205 16.2788 9.2195 10.6301 4.2426 4.4721 5.0990 6.0000 5.0000 5.8310 6.7082 6.3246 6.0828 8.0623 8.2462 8.5440 8.9443 17.0294 17.6918 18.3848 19.1050 28.0179 27.2029 26.4008 25.6125 15.0333 14.1421 13.3417 12.6491 8.6023 10.2956 11.1803 25.4951 25.7099 25.9615 26.2488 22.5610 22.8035 23.4094 24.5153 23.5372
21.0950 20.8087 20.6155 20.5183 20.2485 19.4165 18.6011 19.2094 19.8494 28.0713 27.0185 26.0000 25.0200 27.0740 26.0768 25.0799 25.0200 25.0000 3.6056 3.1623 3.0000 3.1623 2.0000 1.0000 0.0000 1.0000 2.8284 2.2361 2.2361 1.4142 21.0950 20.2237 19.4165 18.6815 20.0998 19.1050 18.1108 18.2483 18.4391 9.2195 10.0000 10.8167 11.6619 7.6158 8.5440 9.4868 10.4403 8.6023 8.0623 11.1803 10.7703 24.7386 23.7697 22.8035 21.8403 20.0000 19.7990 18.4391 19.1050 30.0167 30.0000 30.0167 30.0666 27.2947 17.2047 29.1204 28.4605 27.8568 27.3130 28.1603 27.2029 26.2488 26.5707 26.9258 30.6757 6.4031 6.4031 20.6155 20.8806 21.1896 21.5407 20.2237 19.2354 18.2483 17.2627 13.8924 14.4222 15.0000 15.6205 8.4853 9.8995 5.0000 5.0000 5.3852 6.0828 5.6569 6.4031 7.2111 6.7082 6.3246 7.0711 7.2801 7.6158 8.0623 16.4012 17.0294 17.6918 18.3848 27.4591 26.6271 25.8070 25.0000 15.0000 14.0357 13.1529 12.3693 7.8102 9.4340 10.2956 25.3180 25.4951 25.7099 25.9615 22.3607 22.5610 23.0868 24.3311 23.3452
20.5913 20.2485 20.0000 19.8494 19.7231 18.8680 18.0278 18.6011 19.2094 28.1603 27.0740 26.0192 25.0000 27.1662 26.1725 25.1794 25.0799 25.0200 4.2426 3.6056 3.1623 3.0000 3.0000 2.0000 1.0000 0.0000 3.6056 3.1623 2.0000 1.0000 21.0238 20.0998 19.2354 18.4391 20.0250 19.0263 18.0278 18.1108 18.2483 8.4853 9.2195 10.0000 10.8167 6.7082 7.6158 8.5440 9.4868 7.8102 7.2111 10.2956 9.8489 24.5153 23.5372 22.5610 21.5870 19.4165 19.1050 17.8045 18.4391 30.0666 30.0167 30.0000 30.0167 26.8328 16.4012 28.8617 28.1603 27.5136 26.9258 27.8927 26.9258 25.9615 26.2488 26.5707 30.3645 5.8310 5.6569 20.3961 20.6155 20.8806 21.1896 20.3961 19.4165 18.4391 17.4642 13.4164 13.8924 14.4222 15.0000 7.8102 9.2195 5.8310 5.6569 5.8310 6.3246 6.4031 7.0711 7.8102 7.2111 6.7082 6.0828 6.3246 6.7082 7.2111 15.8114 16.4012 17.0294 17.6918 26.9258 26.0768 25.2389 24.4131 15.0333 14.0000 13.0384 12.1655 7.0711 8.6023 9.4340 25.1794 25.3180 25.4951 25.7099 22.2036 22.3607 22.8035 24.1868 23.1948
20.6155 20.5183 20.5183 20.6155 19.8494 19.1050 18.3848 19.1050 19.8494 26.0000 25.0200 24.0832 23.1948 25.0000 24.0000 23.0000 23.0217 23.0868 1.0000 1.4142 2.2361 3.1623 2.0000 2.2361 2.8284 3.6056 0.0000 1.0000 3.0000 3.1623 19.4165 18.6815 18.0278 17.4642 18.4391 17.4642 16.4924 16.7631 17.0880 9.8489 10.7703 11.7047 12.6491 9.0554 10.0499 11.0454 12.0416 9.4868 9.2195 12.3693 12.1655 23.4094 22.4722 21.5407 20.6155 19.7990 20.0000 18.4391 19.2094 28.0179 28.0713 28.1603 28.2843 26.6271 17.8885 27.8568 27.3130 26.8328 26.4197 26.9258 26.0000 25.0799 25.4951 25.9422 29.5466 6.7082 7.2801 19.3132 19.6977 20.1246 20.5913 18.0278 17.0294 16.0312 15.0333 13.4536 14.1421 14.8661 15.6205 11.3137 12.7279 5.3852 6.0828 7.0000 8.0623 6.3246 7.2801 8.2462 8.0623 8.0000 9.4868 9.8489 10.2956 10.8167 16.2788 17.0294 17.8045 18.6011 27.0185 26.2488 25.4951 24.7588 13.1529 12.3693 11.7047 11.1803 8.5440 10.4403 11.4018 23.7697 24.0416 24.3516 24.6982 20.8806 21.1896 21.9317 22.8035 21.8403
21.4009 21.2603 21.2132 21.2603 20.6155 19.8494 19.1050 19.7990 20.5183 27.0000 26.0192 25.0799 24.1868 26.0000 25.0000 24.0000 24.0208 24.0832 2.0000 2.2361 2.8284 3.6056 1.0000 1.4142 2.2361 3.1623 1.0000 0.0000 3.1623 3.0000 20.3961 19.6469 18.9737 18.3848 19.4165 18.4391 17.4642 17.7200 18.0278 10.2956 11.1803 12.0830 13.0000 9.2195 10.1980 11.1803 12.1655 9.8489 9.4868 12.6491 12.3693 24.3516 23.4094 22.4722 21.5407 20.5183 20.6155 19.1050 19.8494 29.0172 29.0689 29.1548 29.2746 27.4591 18.3576 28.7924 28.2312 27.7308 27.2947 27.8568 26.9258 26.0000 26.4008 26.8328 30.4631 7.2111 7.6158 20.2485 20.6155 21.0238 21.4709 19.0263 18.0278 17.0294 16.0312 14.2127 14.8661 15.5563 16.2788 10.6301 12.0416 4.4721 5.0990 6.0000 7.0711 5.3852 6.3246 7.2801 7.0711 7.0000 9.2195 9.4868 9.8489 10.2956 16.9706 17.6918 18.4391 19.2094 27.8029 27.0185 26.2488 25.4951 14.1421 13.3417 12.6491 12.0830 8.9443 10.7703 11.7047 24.7386 25.0000 25.2982 25.6320 21.8403 22.1359 22.8473 23.7697 22.8035
18.8680 18.6011 18.4391 18.3848 18.0278 17.2047 16.4012 17.0294 17.6918 26.1725 25.0799 24.0208 23.0000 25.1794 24.1868 23.1948 23.0868 23.0217 3.1623 2.2361 1.4142 1.0000 3.6056 2.8284 2.2361 2.0000 3.0000 3.1623 0.0000 1.0000 19.0263 18.1108 17.2627 16.4924 18.0278 17.0294 16.0312 16.1245 16.2788 7.2111 8.0623 8.9443 9.8489 6.0828 7.0711 8.0623 9.0554 6.7082 6.3246 9.4868 9.2195 22.5610 21.5870 20.6155 19.6469 17.8045 17.6918 16.2788 16.9706 28.0713 28.0179 28.0000 28.0179 25.0599 15.2643 26.9258 26.2488 25.6320 25.0799 25.9615 25.0000 24.0416 24.3516 24.6982 28.4605 4.2426 4.4721 18.4391 18.6815 18.9737 19.3132 18.4391 17.4642 16.4924 15.5242 11.6619 12.2066 12.8062 13.4536 9.4340 10.8167 7.0711 7.2111 7.6158 8.2462 7.8102 8.6023 9.4340 8.9443 8.5440 6.7082 7.2111 7.8102 8.4853 14.2127 14.8661 15.5563 16.2788 25.2389 24.4131 23.6008 22.8035 13.0384 12.0000 11.0454 10.1980 5.8310 7.6158 8.5440 23.1948 23.3452 23.5372 23.7697 20.2237 20.3961 20.8806 22.2036 21.2132
19.7231 19.4165 19.2094 19.1050 18.8680 18.0278 17.2047 17.8045 18.4391 27.1662 26.0768 25.0200 24.0000 26.1725 25.1794 24.1868 24.0832 24.0208 3.6056 2.8284 2.2361 2.0000 3.1623 2.2361 1.4142 1.0000 3.1623 3.0000 1.0000 0.0000 20.0250 19.1050 18.2483 17.4642 19.0263 18.0278 17.0294 17.1172 17.2627 7.8102 8.6023 9.4340 10.2956 6.3246 7.2801 8.2462 9.2195 7.2111 6.7082 9.8489 9.4868 23.5372 22.5610 21.5870 20.6155 18.6011 18.3848 17.0294 17.6918 29.0689 29.0172 29.0000 29.0172 25.9422 15.8114 27.8927 27.2029 26.5707 26.0000 26.9258 25.9615 25.0000 25.2982 25.6320 29.4109 5.0000 5.0000 19.4165 19.6469 19.9249 20.2485 19.4165 18.4391 17.4642 16.4924 12.5300 13.0384 13.6015 14.2127 8.6023 10.0000 6.4031 6.4031 6.7082 7.2801 7.0711 7.8102 8.6023 8.0623 7.6158 6.3246 6.7082 7.2111 7.8102 15.0000 15.6205 16.2788 16.9706 26.0768 25.2389 24.4131 23.6008 14.0357 13.0000 12.0416 11.1803 6.4031 8.0623 8.9443 24.1868 24.3311 24.5153 24.7386 21.2132 21.3776 21.8403 23.1948 22.2036
9.4868 10.7703 12.0830 13.4164 9.8489 10.2956 10.8167 11.6619 12.5300 8.0623 6.7082 5.3852 4.1231 7.2111 6.4031 5.6569 5.0000 4.4721 18.4391 18.2483 18.1108 18.0278 21.3776 21.2132 21.0950 21.0238 19.4165 20.3961 19.0263 20.0250 0.0000 1.4142 2.8284 4.2426 1.0000 2.0000 3.0000 3.1623 3.6056 15.8114 16.1555 16.5529 17.0000 18.6815 18.9737 19.3132 19.6977 16.7631 17.7200 17.8885 18.7883 5.0000 4.4721 4.1231 4.0000 11.1803 13.8924 12.2066 13.0384 9.4868 9.2195 9.0554 9.0000 11.4018 16.2788 9.2195 9.2195 9.4340 9.8489 8.4853 7.8102 7.2111 8.0623 8.9443 11.3137 16.1245 17.2627 3.1623 4.1231 5.0990 6.0828 5.0990 5.3852 5.8310 6.4031 10.2956 10.8167 11.4018 12.0416 27.2947 28.4429 24.7386 25.4951 26.3059 27.1662 25.7099 26.6833 27.6586 27.4591 27.2947 22.5610 23.5372 24.5153 25.4951 11.3137 12.0416 12.8062 13.6015 13.1529 13.0384 13.0000 13.0384 6.3246 7.0711 8.0000 9.0554 16.4924 17.0880 17.4642 4.4721 5.0000 5.6569 6.4031 2.2361 3.1623 5.0990 3.6056 2.8284
8.2462 9.4868 10.7703 12.0830 8.5440 8.9443 9.4340 10.2956 11.1803 9.4340 8.0623 6.7082 5.3852 8.6023 7.8102 7.0711 6.4031 5.8310 17.7200 17.4642 17.2627 17.1172 20.6155 20.3961 20.2237 20.0998 18.6815 19.6469 18.1108 19.1050 1.4142 0.0000 1.4142 2.8284 1.0000 1.4142 2.2361 2.0000 2.2361 14.5602 14.8661 15.2315 15.6525 17.4642 17.7200 18.0278 18.3848 15.5242 16.4924 16.5529 17.4642 5.0000 4.2426 3.6056 3.1623 9.8489 12.5300 10.8167 11.6619 10.7703 10.4403 10.1980 10.0499 10.7703 14.8661 9.4340 9.2195 9.2195 9.4340 8.6023 7.8102 7.0711 7.8102 8.6023 11.4018 15.0333 16.1245 2.0000 3.0000 4.0000 5.0000 6.0000 6.0828 6.3246 6.7082 8.9443 9.4340 10.0000 10.6301 26.1725 27.2947 24.0416 24.7386 25.4951 26.3059 25.0000 25.9615 26.9258 26.6833 26.4764 21.3776 22.3607 23.3452 24.3311 9.8995 10.6301 11.4018 12.2066 12.3693 12.1655 12.0416 12.0000 5.8310 6.3246 7.0711 8.0000 15.2971 15.8114 16.1555 5.0990 5.3852 5.8310 6.4031 2.2361 2.8284 4.4721 4.1231 3.1623
7.0711 8.2462 9.4868 10.7703 7.2801 7.6158 8.0623 8.9443 9.8489 10.8167 9.4340 8.0623 6.7082 10.0000 9.2195 8.4853 7.8102 7.2111 17.0880 16.7631 16.4924 16.2788 19.9249 19.6469 19.4165 19.2354 18.0278 18.9737 17.2627 18.2483 2.8284 1.4142 0.0000 1.4142 2.2361 2.0000 2.2361 1.4142 1.0000 13.3417 13.6015 13.9284 14.3178 16.2788 16.4924 16.7631 17.0880 14.3178 15.2971 15.2315 16.1555 5.3852 4.4721 3.6056 2.8284 8.5440 11.1803 9.4340 10.2956 12.0830 11.7047 11.4018 11.1803 10.2956 13.4536 9.8489 9.4340 9.2195 9.2195 8.9443 8.0623 7.2111 7.8102 8.4853 11.6619 14.0000 15.0333 1.4142 2.2361 3.1623 4.1231 7.0711 7.0000 7.0711 7.2801 7.6158 8.0623 8.6023 9.2195 25.0799 26.1725 23.4094 24.0416 24.7386 25.4951 24.3516 25.2982 26.2488 25.9615 25.7099 20.2237 21.2132 22.2036 23.1948 8.4853 9.2195 10.0000 10.8167 11.7047 11.4018 11.1803 11.0454 5.6569 5.8310 6.3246 7.0711 14.1421 14.5602 14.8661 6.0000 6.0828 6.3246 6.7082 3.0000 3.1623 4.2426 5.0000 4.0000
6.0000 7.0711 8.2462 9.4868 6.0828 6.3246 6.7082 7.6158 8.5440 12.2066 10.8167 9.4340 8.0623 11.4018 10.6301 9.8995 9.2195 8.6023 16.5529 16.1555 15.8114 15.5242 19.3132 18.9737 18.6815 18.4391 17.4642 18.3848 16.4924 17.4642 4.2426 2.8284 1.4142 0.0000 3.6056 3.1623 3.0000 2.0000 1.0000 12.1655 12.3693 12.6491 13.0000 15.1327 15.2971 15.5242 15.8114 13.1529 14.1421 13.9284 14.8661 6.0828 5.0990 4.1231 3.1623 7.2801 9.8489 8.0623 8.9443 13.4164 13.0000 12.6491 12.3693 10.0000 12.0416 10.4403 9.8489 9.4340 9.2195 9.4868 8.5440 7.6158 8.0623 8.6023 12.0830 13.0384 14.0000 2.0000 2.2361 2.8284 3.6056 8.2462 8.0623 8.0000 8.0623 6.3246 6.7082 7.2111 7.8102 24.0208 25.0799 22.8473 23.4094 24.0416 24.7386 23.7697 24.6982 25.6320 25.2982 25.0000 19.1050 20.0998 21.0950 22.0907 7.0711 7.8102 8.6023 9.4340 11.1803 10.7703 10.4403 10.1980 5.8310 5.6569 5.8310 6.3246 13.0384 13.3417 13.6015 7.0711 7.0000 7.0711 7.2801 4.1231 4.0000 4.4721 6.0828 5.0990
9.2195 10.4403 11.7047 13.0000 9.4868 9.8489 10.2956 11.1803 12.0830 8.9443 7.6158 6.3246 5.0990 8.0623 7.2111 6.4031 5.8310 5.3852 17.4642 17.2627 17.1172 17.0294 20.3961 20.2237 20.0998 20.0250 18.4391 19.4165 18.0278 19.0263 1.0000 1.0000 2.2361 3.6056 0.0000 1.0000 2.0000 2.2361 2.8284 14.8661 15.2315 15.6525 16.1245 17.7200 18.0278 18.3848 18.7883 15.8114 16.7631 17.0000 17.8885 5.6569 5.0000 4.4721 4.1231 10.7703 13.4164 11.6619 12.5300 10.4403 10.1980 10.0499 10.0000 11.7047 15.6205 10.0000 9.8995 10.0000 10.2956 9.2195 8.4853 7.8102 8.6023 9.4340 12.0416 15.1327 16.2788 3.0000 4.0000 5.0000 6.0000 5.0000 5.0990 5.3852 5.8310 9.4340 10.0000 10.6301 11.3137 26.3059 27.4591 23.7697 24.5153 25.3180 26.1725 24.7386 25.7099 26.6833 26.4764 26.3059 21.5870 22.5610 23.5372 24.5153 10.6301 11.4018 12.2066 13.0384 13.3417 13.1529 13.0384 13.0000 5.3852 6.0828 7.0000 8.0623 15.5242 16.1555 16.5529 5.3852 5.8310 6.4031 7.0711 2.8284 3.6056 5.3852 4.4721 3.6056
9.0554 10.1980 11.4018 12.6491 9.2195 9.4868 9.8489 10.7703 11.7047 9.8489 8.5440 7.2801 6.0828 8.9443 8.0623 7.2111 6.7082 6.3246 16.4924 16.2788 16.1245 16.0312 19.4165 19.2354 19.1050 19.0263 17.4642 18.4391 17.0294 18.0278 2.0000 1.4142 2.0000 3.1623 1.0000 0.0000 1.0000 1.4142 2.2361 13.9284 14.3178 14.7648 15.2643 16.7631 17.0880 17.4642 17.8885 14.8661 15.8114 16.1245 17.0000 6.4031 5.6569 5.0000 4.4721 10.4403 13.0000 11.1803 12.0830 11.4018 11.1803 11.0454 11.0000 12.0830 15.0000 10.8167 10.6301 10.6301 10.8167 10.0000 9.2195 8.4853 9.2195 10.0000 12.8062 14.1421 15.2971 3.1623 4.1231 5.0990 6.0828 5.0990 5.0000 5.0990 5.3852 8.6023 9.2195 9.8995 10.6301 25.3180 26.4764 22.8035 23.5372 24.3311 25.1794 23.7697 24.7386 25.7099 25.4951 25.3180 20.6155 21.5870 22.5610 23.5372 10.0000 10.8167 11.6619 12.5300 13.6015 13.3417 13.1529 13.0384 4.4721 5.0990 6.0000 7.0711 14.5602 15.2315 15.6525 6.3246 6.7082 7.2111 7.8102 3.6056 4.2426 5.8310 5.3852 4.4721
9.0000 10.0499 11.1803 12.3693 9.0554 9.2195 9.4868 10.4403 11.4018 10.7703 9.4868 8.2462 7.0711 9.8489 8.9443 8.0623 7.6158 7.2801 15.5242 15.2971 15.1327 15.0333 18.4391 18.2483 18.1108 18.0278 16.4924 17.4642 16.0312 17.0294 3.0000 2.2361 2.2361 3.0000 2.0000 1.0000 0.0000 1.0000 2.0000 13.0000 13.4164 13.8924 14.4222 15.8114 16.1555 16.5529 17.0000 13.9284 14.8661 15.2643 16.1245 7.2111 6.4031 5.6569 5.0000 10.1980 12.6491 10.7703 11.7047 12.3693 12.1655 12.0416 12.0000 12.5300 14.4222 11.6619 11.4018 11.3137 11.4018 10.8167 10.0000 9.2195 9.8995 10.6301 13.6015 13.1529 14.3178 3.6056 4.4721 5.3852 6.3246 5.3852 5.0990 5.0000 5.0990 7.8102 8.4853 9.2195 10.0000 24.3311 25.4951 21.8403 22.5610 23.3452 24.1868 22.8035 23.7697 24.7386 24.5153 24.3311 19.6469 20.6155 21.5870 22.5610 9.4340 10.2956 11.1803 12.0830 13.9284 13.6015 13.3417 13.1529 3.6056 4.1231 5.0000 6.0828 13.6015 14.3178 14.7648 7.2801 7.6158 8.0623 8.6023 4.4721 5.0000 6.4031 6.3246 5.3852
8.0000 9.0554 10.1980 11.4018 8.0623 8.2462 8.5440 9.4868 10.4403 11.1803 9.8489 8.5440 7.2801 10.2956 9.4340 8.6023 8.0623 7.6158 15.8114 15.5242 15.2971 15.1327 18.6815 18.4391 18.2483 18.1108 16.7631 17.7200 16.1245 17.1172 3.1623 2.0000 1.4142 2.0000 2.2361 1.4142 1.0000 0.0000 1.0000 12.6491 13.0000 13.4164 13.8924 15.5242 15.8114 16.1555 16.5529 13.6015 14.5602 14.7648 15.6525 6.7082 5.8310 5.0000 4.2426 9.2195 11.7047 9.8489 10.7703 12.6491 12.3693 12.1655 12.0416 11.6619 13.6015 11.1803 10.8167 10.6301 10.6301 10.2956 9.4340 8.6023 9.2195 9.8995 13.0384 13.0384 14.1421 2.8284 3.6056 4.4721 5.3852 6.3246 6.0828 6.0000 6.0828 7.2111 7.8102 8.4853 9.2195 24.1868 25.3180 22.1359 22.8035 23.5372 24.3311 23.0868 24.0416 25.0000 24.7386 24.5153 19.4165 20.3961 21.3776 22.3607 8.6023 9.4340 10.2956 11.1803 13.0000 12.6491 12.3693 12.1655 4.2426 4.4721 5.0990 6.0000 13.3417 13.9284 14.3178 7.0711 7.2801 7.6158 8.0623 4.1231 4.4721 5.6569 6.0828 5.0990
7.0000 8.0623 9.2195 10.4403 7.0711 7.2801 7.6158 8.5440 9.4868 11.6619 10.2956 8.9443 7.6158 10.8167 10.0000 9.2195 8.6023 8.0623 16.1555 15.8114 15.5242 15.2971 18.9737 18.6815 18.4391 18.2483 17.0880 18.0278 16.2788 17.2627 3.6056 2.2361 1.0000 1.0000 2.8284 2.2361 2.0000 1.0000 0.0000 12.3693 12.6491 13.0000 13.4164 15.2971 15.5242 15.8114 16.1555 13.3417 14.3178 14.3178 15.2315 6.3246 5.3852 4.4721 3.6056 8.2462 10.7703 8.9443 9.8489 13.0000 12.6491 12.3693 12.1655 10.8167 12.8062 10.7703 10.2956 10.0000 9.8995 9.8489 8.9443 8.0623 8.6023 9.2195 12.5300 13.0000 14.0357 2.2361 2.8284 3.6056 4.4721 7.2801 7.0711 7.0000 7.0711 6.7082 7.2111 7.8102 8.4853 24.0832 25.1794 22.4722 23.0868 23.7697 24.5153 23.4094 24.3516 25.2982 25.0000 24.7386 19.2354 20.2237 21.2132 22.2036 7.8102 8.6023 9.4340 10.2956 12.0830 11.7047 11.4018 11.1803 5.0000 5.0000 5.3852 6.0828 13.1529 13.6015 13.9284 7.0000 7.0711 7.2801 7.6158 4.0000 4.1231 5.0000 6.0000 5.0000
12.6491 12.0830 11.6619 11.4018 11.7047 10.7703 9.8489 10.2956 10.8167 23.7697 22.4722 21.1896 19.9249 22.8473 21.9317 21.0238 20.6155 20.2485 9.4868 8.5440 7.6158 6.7082 10.8167 10.0000 9.2195 8.4853 9.8489 10.2956 7.2111 7.8102 15.8114 14.5602 13.3417 12.1655 14.8661 13.9284 13.0000 12.6491 12.3693 0.0000 1.0000 2.0000 3.0000 3.0000 3.1623 3.6056 4.2426 1.0000 2.0000 3.1623 3.6056 18.0278 17.0294 16.0312 15.0333 11.1803 10.6301 9.4340 10.0000 25.2982 25.0000 24.7386 24.5153 18.9737 8.0623 22.0227 21.0950 20.2237 19.4165 21.0238 20.0250 19.0263 19.1050 19.2354 23.1948 3.1623 2.8284 14.1421 14.0357 14.0000 14.0357 17.2047 16.4012 15.6205 14.8661 6.0000 6.0828 6.3246 6.7082 12.0416 13.0000 14.2127 14.1421 14.2127 14.4222 14.8661 15.5563 16.2788 15.6205 15.0000 7.0000 8.0000 9.0000 10.0000 7.6158 8.0623 8.6023 9.2195 18.7883 17.8885 17.0000 16.1245 11.4018 10.0000 8.6023 7.2111 1.4142 1.4142 2.2361 19.2354 19.1050 19.0263 19.0000 16.2788 16.1245 16.0000 18.2483 17.2627
